"Dim.1"	"Dim.2"	"Dim.3"	"Dim.4"	"Dim.5"
"A549_RHA015"	-21.364712957515	28.8068506247181	-20.9368189743064	-12.1908874686426	1.63100431175147
"A549_RHA016"	12.5225839390238	45.4457859730523	-9.59441429282017	0.149982217533423	5.00854490656733
"A549_RHA017"	-19.788613841311	35.8807273096721	-11.4838504322771	14.4265532890952	-6.8947471036075
"A549_RHA018"	16.0556075333308	48.0862885014476	-0.807365788002151	4.97235657875949	4.48943979946028
"A549_RHA028"	-27.7798719478219	43.3919078746469	-19.8494068446839	-16.6731763077471	12.8683869113617
"A549_RHA029"	-7.92697247674747	39.49026765721	-18.5252375086022	-12.883688973915	-0.21572696879995
"A549_RHA030"	22.5371814257179	37.7799704513948	-7.57687170089253	4.37500120016822	6.78990171911882
"A549_RHA031"	-22.5230541760137	41.8026398083147	-25.4575828008186	13.1009200944699	4.9559150836473
"A549_RHA032"	-26.0034508736384	34.8651040878883	-25.1032965451095	32.2152239499237	-6.54268863408765
"A549_RHA033"	-7.24101255033928	39.8390889072969	-25.2023807603617	9.69741485086983	-14.8992121701182
"A549_RHA034"	-29.1596229111662	33.7405041194072	-20.8720882598182	5.24206048687679	-7.18811338135661
"A549_RHA035"	-18.3453297238024	40.5040760533321	-28.7508382397566	2.84474178146672	-27.1330630587572
"A549_RHA036"	20.5811231987529	55.189260767392	-5.92818529218154	1.83461998982628	3.57234482113698
"A549_RHA037"	-19.6220426652046	29.4209268473176	-20.0076585301861	-14.6765733967695	9.21583267376498
"A549_RHA038"	-29.6992914304066	34.7793480081046	-19.8712994813882	-6.19300516453635	7.63946018694707
"A549_RHA039"	-54.4039330260427	28.2465593255845	-17.7508413480826	-11.7697318677951	-28.3366712325186
"A549_RHA040"	-30.26659880114	34.9693372866261	-27.7057743920235	9.8954317126032	-6.59328213081858
"A549_RHA041"	24.0160056677914	37.9828355807063	-0.448725723110487	6.11069972178727	1.16891600134089
"A549_RHA042"	-13.6847340666673	30.0731176621313	-16.0161778019154	-5.93286323784768	14.5653652493342
"A549_RHA043"	-21.8869038263109	43.3514451210087	-19.3744280494866	0.907512640014071	-15.3284728368911
"A549_RHA044"	-99.1848380272603	2.87325017960674	-23.3645617961512	-26.8402339750627	-3.93500249008548
"A549_RHA045"	23.7313177943173	42.5727727761785	-7.2782842837937	4.20894655773355	16.5859849889245
"A549_RHA046"	2.44227837900425	37.951857676056	-11.0724260133728	0.310861270515379	13.7479442642428
"A549_RHA047"	-13.7250141601557	31.1907629637117	-19.1053217015743	6.369546860441	8.10523816848387
"A549_RHA048"	-0.893912803034528	41.9738815115576	-18.0707673705685	23.4256407040383	-3.86760341786344
"A549_RHA049"	-9.72837305976803	37.1601753962195	-13.882216990003	15.5344076336328	-9.75267055964716
"A549_RHA050"	-12.5447528846082	39.8967875279694	-15.2748074506645	25.0935626306874	5.23192695193373
"A549_RHA051"	-29.3387079118918	30.5686417778624	-25.2847456165705	-2.78726412298507	-14.0808124822378
"A549_RHA052"	-73.4800022179891	10.256326164636	-25.3018632124526	-33.7053168075484	-6.70903007867958
"A549_RHA053"	-31.6316531889032	30.443115973057	-20.9706453902567	-2.10986943100403	1.1889722377541
"A549_RHA054"	-111.292381847296	-14.002673568462	-6.39530972183197	39.5020627978167	28.5399346220513
"A549_RHA055"	-50.8399462756884	26.2992469632639	-12.9091363750647	9.78312083304216	18.7024876259796
"A549_RHA056"	11.4847055709202	37.3344133446521	-12.9623399670539	-14.6313843355419	11.887999033786
"A549_RHA057"	-0.678861092797772	34.8727673453009	-13.6447977230356	-1.11144486167169	-0.506161311050026
"A549_RHA058"	-46.2512421410236	15.3587683012839	-1.25006601940971	41.3313614244185	23.8015068181968
"A549_RHA059"	13.4413424197034	44.7113541415173	-7.00794314135755	-5.17211263904695	5.91581758261903
"A549_RHA060"	-43.1938853194443	35.0267078400845	-23.4830799334048	-23.6463198123642	-6.0271999848604
"A549_RHA061"	-16.2930482405673	35.1540555455364	-17.8925349163251	-13.8681039292332	1.18631315082583
"A549_RHA062"	-18.2890256327064	32.5335585689536	-20.8413213164891	-27.5456143904916	8.68925946890569
"A549_RHA063"	-0.325302758967267	39.8273766963569	-13.1656868966054	-3.54336782898504	14.0986768611122
"A549_RHA064"	-8.31726580067841	42.160703305219	-14.017408164777	-0.0127863631547943	4.86072024170101
"A549_RHA065"	3.41217770369538	43.1122140887753	-13.0247502895935	-2.88967196815552	10.261767621623
"A549_RHA066"	-21.7913502628252	36.0590694716458	-17.3723954592125	27.4869301001658	0.0605545793751652
"A549_RHA067"	-11.7155406700619	29.4467980155758	-16.5971283892303	-7.84540397337469	20.0889968450009
"A549_RHA068"	-9.69813359478059	34.2248713336988	-17.1580348199199	-16.5576253289124	-1.09636203389196
"A549_RHA069"	-51.9425814725931	31.6584963594479	-26.4902643850428	-1.46203411507303	-40.4549766448216
"A549_RHA070"	-52.9243236455059	32.2718109233937	-37.3032116909976	12.9504540850046	-29.6238475692435
"A549_RHA071"	0.221395702528015	44.1904997325427	-12.3268482638676	-4.72216903224952	9.17424463921179
"A549_RHA072"	-83.6369126778389	3.80507792599917	-6.7024916563846	22.5196558102285	16.9159363520647
"A549_RHA073"	-31.8681715978931	27.2547608080966	-18.116394644318	17.7150946152738	7.807790275793
"A549_RHA074"	-33.415542178226	30.877314814439	-14.1147774908869	-23.3326162642537	13.2277097666881
"A549_RHA075"	-34.6131110591106	37.720064337377	-31.6338706585971	-51.4395979828439	16.3104952114199
"A549_RHA076"	-100.428901869997	-3.7831276201166	-14.5612321890155	17.4747876050253	20.5237366731607
"A549_RHA077"	-38.8150819150089	34.5172602477772	-19.9534459596913	19.1281581236172	-18.4882937047608
"A549_RHA078"	-21.3737775687645	37.4051252904765	-8.83681702329703	17.3169452002732	0.997537020449542
"A549_RHA079"	-6.16513933265619	39.3692757309423	-12.2550411238658	-7.31557327629331	10.0964468343424
"A549_RHA080"	-4.02583464219086	41.2917314481246	-13.483074257515	23.3510239676262	-1.57300405896103
"A549_RHA081"	-15.4734089661539	38.1320810246674	-21.3976950617897	4.31339801956816	2.83622246965645
"A549_RHA082"	-25.9559341310588	36.5020704519582	-23.2936051546189	14.336358254913	-0.0643698211488563
"A549_RHA084"	-40.8003854912421	25.1697484868457	-26.9399545851525	-6.80480694261533	7.90698918606646
"A549_RHA085"	-30.5133387599664	30.1177360432768	-13.4126786753043	-24.3720104490318	3.75296093284181
"A549_RHA086"	-30.5019386277202	40.9080876762458	-20.5743299960284	-31.2533522677669	-38.1388720132126
"A549_RHA087"	-21.5536091784806	38.230878031451	-21.117491935019	18.7877712043849	-20.6164825202624
"A549_RHA088"	-63.4685933046806	23.925048526137	-39.1781795096388	-1.02336632129103	-19.1618724150242
"A549_RHA089"	-64.780953027208	27.2955174162223	-22.3222754877562	12.8257833943528	-24.1382158279534
"A549_RHA091"	8.50136008179886	38.3079764559432	-10.8301190820749	-3.03901626574072	10.0300436266484
"A549_RHA092"	-10.6431755614016	39.1423861087061	-7.83773797330624	-20.6421745304824	-0.687015752410058
"A549_RHA093"	-7.41900451095218	31.7772509204993	-13.1677975659251	0.0189513865749766	21.6458786682022
"A549_RHA094"	-34.6774573681809	29.3939651752957	-16.4452599175336	3.58872730900117	13.8385580495304
"A549_RHA095"	10.1590298128529	42.6231789303187	-8.81759849805987	11.7675109957209	0.87349331520863
"A549_RHA096"	12.9070928973448	48.8174461440036	-16.5614590466137	26.0693390850118	2.39037704291022
"A549_RHA097"	2.31909772072355	43.9992610232148	-9.50586101655924	15.9596665591722	5.67785885483574
"A549_RHA098"	9.62461453442157	47.5791572101375	-21.7377885545279	-0.545992946931108	-5.16078311504326
"A549_RHA099"	6.66734968800044	23.5445028867574	-2.62164216430749	-0.171452141412599	4.43222924936116
"H1437_RHL995"	-118.10808203839	-23.4385188171028	30.5104975654162	-1.34557400325315	-12.982628209645
"H1437_RHL996"	41.4653473672717	39.2727522821635	40.9776265198667	-5.73468597207064	-5.17114372767116
"H1437_RHL999"	93.1574671280621	58.4615466611248	37.5629630605511	-6.77801113647265	-0.171173574013977
"H1437_RHL1001"	-96.4712631682656	-27.137466426585	35.5362906978091	10.6266968889857	0.296731535219369
"H1437_RHL1003"	-88.0888935675323	-26.3822184543883	24.990595811002	-5.87247227507088	-12.8933439023288
"H1437_RHL1005"	80.7781833168609	42.3972597863931	41.9437141931547	-3.75627519013495	-2.43600663046396
"H1437_RHL1010"	-19.6717626400714	1.06620549684101	44.0308942582385	22.6830947153908	-7.30080915938813
"H1437_RHL1011"	55.7537102624114	35.8573172197069	35.7871438812604	-5.01744202695206	-3.97157806800118
"H1437_RHL1012"	65.9622320331406	46.8110931486888	37.1579569784295	-7.957661138798	-3.86319092133231
"H1437_RHL1013"	33.6358692913777	34.4854580516668	33.4763813782688	-8.76200545168181	-3.16426637055277
"H1437_RHL1015"	-93.0215092145725	-17.7168325609632	35.334757982796	21.180342448199	-3.59548069111169
"H1437_RHL1016"	-48.2469222168298	6.67545965748587	37.8419109450407	15.6217789744913	13.3673148259104
"H1437_RHL1019"	-54.4447068402681	-15.4755416256818	47.1683735605185	31.8643985175909	6.92434466226906
"H1437_RHL1022"	82.4537569990225	50.3172791441236	46.2626862443299	11.9844971717826	2.62481183408327
"H1437_RHL1033"	-147.27658038696	-39.8139017803597	19.8202194572835	0.825098336278991	-0.603265980446944
"H1437_RHL1042"	-103.744986365081	-20.5719627212565	34.7305719820228	-2.72222730217538	-4.99658949103181
"H1437_RHL1049"	44.3741682296369	43.3617166792077	34.3259383500394	-42.5676594442522	-5.91918737793221
"H1437_RHL1050"	49.0089365592001	38.3405519409967	33.4705834475194	3.45029263876258	2.18340666786541
"H1437_RHL1057"	54.1511193451425	38.920523465327	34.2094020103567	-4.57067022048146	-1.34372620684923
"H1437_RHL1059"	-160.840286181884	-38.9281125575869	21.8935617025575	-9.14704211486868	-4.09429460154013
"H1437_RHL1062"	89.3981555147606	48.2764758526199	40.2360757701434	-2.49089015512744	0.476055945392868
"H1437_RHL1066"	-230.233136172551	-62.2004183402713	4.50323499776888	-14.512948987448	-0.780172822783667
"H1437_RHL1067"	-79.0246799287455	-7.82280439015713	42.4431449441491	1.3259328817984	-8.89453380382399
"H1437_RHL1071"	-45.0738911194861	6.15448329952346	40.4444932141121	-24.3081519917413	-27.3312113418521
"H1437_RHL1073"	-21.3573705609205	16.241943128129	41.3010881506046	-24.7518530330455	-6.87012313474524
"H1437_RHL1075"	-180.630086680631	-52.4539364217803	22.7540320251677	-5.60039674741099	7.10909936318516
"H1437_RHL1077"	-190.998427297744	-54.1231802249076	20.7505260841628	9.28577265154321	6.36889180968463
"H1437_RHL1078"	-24.9815026500109	0.352172259152233	39.7565024807569	15.2097170179366	-11.187003833378
"H1437_RHL1088"	90.3016139937302	59.1457331828659	52.472978146267	11.6486536667567	2.14808194117283
"H1437_RHL1094"	-179.907909633831	-50.5652093690955	19.5002255740897	-5.73791697222953	-8.3694457057129
"H1437_RHL1095"	-123.121948774955	-32.2238412774435	30.7136961306187	-7.01352388217737	-9.06818295160865
"H1437_RHL1096"	-29.358408290668	12.1881116599081	32.9821367465478	-10.7062158129222	-4.14206109750451
"H1437_RHL1099"	-142.14498845427	-46.0150293609563	30.5914702899117	13.3643216629123	2.11508346145467
"H1437_RHL1100"	-19.912261820396	21.7027321613543	41.4217857204795	4.68355407153707	-6.5960999120503
"H1437_RHL1102"	68.7343606866507	50.005427208692	39.6542065447988	0.118607156115472	-13.4709350532785
"H1437_RHL1103"	24.5151515016432	36.4579713000995	36.4834222243258	-20.9101259312921	-13.1587736238153
"H1437_RHL1104"	-151.412446460118	-43.5614072932811	22.8261580326972	3.78757955374561	8.019403323012
"H1437_RHL1105"	12.0446965334677	36.3362262379148	36.5356573512751	26.2452043709117	12.5325700653251
"H1437_RHL1106"	15.7969254260178	30.9366959998807	39.7049280615732	-5.9012255369108	9.10187724919267
"H1437_RHL1109"	58.9075070345057	42.1854758171991	34.8014201205421	-9.54194445752957	-4.80457383561369
"H1437_RHL1110"	58.3982044852894	48.7766282086842	38.390703249396	-3.98666968683301	-9.66572649378606
"H1437_RHL1117"	-36.4465257545389	7.62880370917143	27.7466374025701	-35.3579446644042	105.377925188588
"H1437_RHL1119"	-81.0079123610278	-9.77452419963562	32.7612654789984	-3.50061478922778	-8.46546309986289
"H1437_RHL1133"	-80.1659235427468	-21.0319752464754	33.6055754974662	-2.02100989422352	-5.90148161410761
"H1437_RHL1135"	-42.8616642099503	2.52320886275943	35.3559434797423	-5.31458340590828	-3.07198123001452
"H1437_RHL1136"	53.8653139982621	41.7243181603788	40.1414418135881	3.53864231234977	-7.53645431987411
"H1437_RHL1144"	47.7475401580243	32.4102945484523	55.7936191660807	-7.11606285690218	-7.82096125075524
"A427_LUNG"	49.3143243989864	-37.4686647777792	-3.08313427234796	-2.42436461451225	-3.31227446939438
"ABC1_LUNG"	70.2454172559996	-34.1408529793464	-3.39716628939689	-0.90572709364445	-1.82337886437785
"CALU3_LUNG"	-33.0389263225672	-64.321237833896	-16.7435153967278	-9.27895394312889	-1.06332343655815
"CORL105_LUNG"	16.7290159193221	-45.0543693518006	-11.3356617065954	-2.35113301997395	-1.79182355875581
"DV90_LUNG"	35.4688343894098	-41.5366113919456	-3.83831505510511	-4.53620380160091	-4.59637846914837
"EKVX_LUNG"	47.0150015138805	-38.2941147645636	-8.66043086100945	1.13903124822066	2.3009830483331
"HCC1171_LUNG"	56.4484852326947	-35.4185088375999	-3.65873810532868	8.13469912014036	1.24001584267773
"HCC1833_LUNG"	66.3259140918642	-34.4704027125427	1.5536895088918	-0.387893861650346	-1.58580568102461
"HCC2108_LUNG"	91.3081880299537	-25.8685730533202	0.871771900028667	3.0556394214913	-1.68364943335182
"HCC2279_LUNG"	35.025025946311	-47.1970517209763	-10.5522803054546	-4.2391561758396	-1.25188174836835
"HCC2429_LUNG"	66.7025192962356	-29.1781279484688	6.28331139905559	-3.3951699018765	-4.98783880176649
"HCC2450_LUNG"	46.4109566250475	-38.127938961475	-0.961093389766035	1.07978406296951	-0.587772646015018
"HCC2935_LUNG"	16.1791956370575	-50.5737324356503	-9.72908224139802	3.62087555354871	3.51390487629721
"HCC364_LUNG"	80.3676003365835	-29.9557799172851	-1.5968364700352	0.457940741375149	-0.481671802827906
"HCC4006_LUNG"	52.5407038270314	-35.924628080498	-3.99501882805915	4.65982822903527	1.24694586008397
"HCC44_LUNG"	-20.0687330924934	-62.0777808240941	-14.1549086617407	-4.66861611689578	-0.198806238877693
"HCC461_LUNG"	74.4398524194903	-32.6414508906026	-2.53686508037166	0.819867189965292	-0.963371243562056
"HCC515_LUNG"	40.8503994010965	-39.1924625183556	-8.50714339936121	-2.47534689339431	0.705825277196868
"HCC78_LUNG"	26.7349130710275	-41.6102135380376	-6.63241037332827	-1.23279835008128	-2.51860760162613
"HCC827GR5_LUNG"	51.7211207483719	-35.9135783340722	-3.49915748146432	2.17999987305224	-0.621457318832915
"HCC827_LUNG"	54.2247742689001	-37.3102794882679	-2.23971172267922	1.89954758051324	-3.20303316387568
"HOP62_LUNG"	92.3173521744743	-26.2791028253755	-1.27015942956303	3.19695850049696	-0.144535566270467
"LXF289_LUNG"	37.7748542310649	-41.4449333181275	-4.77515083853613	8.6020686445073	2.59822382067068
"MORCPR_LUNG"	5.70010622537016	-50.9643098933224	-11.6678690077674	-5.6301920355283	-0.934629006386838
"NCIH1355_LUNG"	62.8008357717236	-31.1102966635261	-2.65237864344702	3.9882434257763	0.000291891547749607
"NCIH1373_LUNG"	11.893361943969	-53.389504131072	-8.4863192917263	3.21332038677551	0.970814883583094
"NCIH1395_LUNG"	-8.76658079726919	-51.4791898351832	-18.9360400113014	-10.2887751613275	-1.16921271298506
"NCIH1435_LUNG"	48.2813410077439	-40.6754422520927	-5.13369171611925	-1.72717028127714	-0.446794178702562
"NCIH1563_LUNG"	41.3608739856264	-40.2083036682015	-12.6401211698272	-1.69147687696608	0.304312271016435
"NCIH1568_LUNG"	75.5805549786377	-32.0830174280547	0.987292074373593	4.40883692537807	0.160560548150172
"NCIH1573_LUNG"	35.3723768389067	-38.9980278207527	-7.06882088816873	6.70934706942756	4.24777256171258
"NCIH1623_LUNG"	-0.222963199627055	-52.8281515844145	-11.6566629216287	-1.24796584406389	2.11785438367533
"NCIH1648_LUNG"	25.6636384196421	-44.6086881973686	-8.12231508990379	0.870619882572784	-0.692942728658685
"NCIH1651_LUNG"	69.4547323410106	-34.2819814208477	-1.8062736093831	5.40424237486449	3.79550752734324
"NCIH1693_LUNG"	62.2137316510605	-18.5609832928262	2.73292670992854	-2.09643595024151	-2.27216665851852
"NCIH1734_LUNG"	55.327317304031	-37.9745194853862	-3.57189608159855	3.45586354013338	0.480248751530015
"NCIH1755_LUNG"	46.3943805222242	-39.9773874468133	-4.36682741967808	1.46989903966558	-1.48770742702846
"NCIH1792_LUNG"	92.8252028482181	-25.5120393041248	-0.392995189816919	4.36215720453046	-0.916649123389078
"NCIH1793_LUNG"	27.1757275201109	-43.8380351323882	-9.70011720339024	-0.689405479325146	0.528994923850069
"NCIH1819_LUNG"	76.350667196583	-27.5810141279027	0.76490743361368	-0.690942990814024	-0.100573050225804
"NCIH1838_LUNG"	14.4498234325152	-48.5926616680955	-9.34150909609389	-4.36396852241535	-1.49558488894145
"NCIH1944_LUNG"	32.6610041322186	-31.7031593956455	-7.91101800566211	-7.04000265996233	-1.51499691336397
"NCIH1975_LUNG"	64.7786840571861	-33.2135545243654	-1.32142696251241	0.709563174807186	-2.23091306741551
"NCIH2009_LUNG"	70.6450766892352	-34.1792157888467	-2.07004428090883	1.70712060228874	-0.421821752189749
"NCIH2023_LUNG"	37.0591681856115	-38.9368707294367	-8.08311926005464	-2.43040990414902	-0.530754549928352
"NCIH2030_LUNG"	41.8143971759207	-38.8254239371774	-7.92601137087099	0.813955671767934	-0.838736775294587
"NCIH2073_LUNG"	-50.0269575559232	-68.6380565143461	-17.7229614371554	-8.81086152955963	-0.928276646856561
"NCIH2077_LUNG"	50.9402326582399	-34.9526624948432	3.90059584974641	-1.20201102203107	-3.93978368788679
"NCIH2085_LUNG"	16.5136998338008	-50.2663236162331	-6.73549913193059	0.902876605264419	-0.473036837866966
"NCIH2087_LUNG"	53.9578880040736	-34.9628403853959	-3.146452449224	0.458340443296606	-1.7820153813746
"NCIH2122_LUNG"	34.0936496578466	-39.2537913723189	-13.7186949385174	-5.46214566600841	-0.330804944497499
"NCIH2126_LUNG"	32.7042227857976	-41.1726098317286	-9.97699385493617	2.31585250684743	2.83336524788132
"NCIH2228_LUNG"	78.2054111588798	-28.5220098678633	-3.81910776829427	10.3148126078262	4.44055996529699
"NCIH2291_LUNG"	28.0259931421579	-45.9812350585986	-7.09110062903913	-0.188105249217742	-0.591647406995402
"NCIH2342_LUNG"	52.0403464212094	-35.3678394557677	-1.37110683541589	-0.513278219330102	-0.757539922081318
"NCIH2347_LUNG"	66.5880734446105	-32.7239212957325	-3.97684938532002	-1.79178824484688	-3.39932826412678
"NCIH23_LUNG"	21.4408141969478	-48.1713003568498	-4.23482494087594	-3.61938475904245	-1.93308533120317
"NCIH2405_LUNG"	56.8643950358198	-32.6384274210506	-4.94488102764777	2.16103317141402	0.590119507629627
"NCIH3122_LUNG"	42.6193099864495	-39.569244810529	-5.92787916963091	-3.07604467409699	-1.09489557808464
"NCIH3255_LUNG"	39.6852033610295	-42.5923559587697	-6.24726779948331	3.01968642157898	1.56394219290321
"NCIH441_LUNG"	66.6860536042978	-33.5759302410819	-1.0329333795092	8.35379559100051	3.83168570529403
"NCIH522_LUNG"	67.7515515188219	-32.6853298004432	8.1560590002889	7.13325442952992	-1.99379620064261
"NCIH838_LUNG"	66.9247758111452	-21.8544852418453	-0.644375819878879	-9.42921946382972	-1.87690214042745
"NCIH854_LUNG"	31.0354783276335	-45.0355563102963	-10.0556184117551	-2.19017676239012	1.39956534889278
"PC14_LUNG"	8.40617710175061	-49.9987230414555	-10.9199899552637	-4.47526887499918	-2.94744336754422
"PC9_LUNG"	25.626484605349	-47.220741604872	-9.86487538994896	-7.57225082468442	-4.91977537133086
"RERFLCAD1_LUNG"	70.5064302197886	-31.0019407262692	-1.58652445684616	8.70822606691663	2.03427895748999
"RERFLCAD2_LUNG"	-18.5862167222238	-58.6822557469467	-12.8859455627416	-4.95595454102109	-2.28170824662842
"RERFLCKJ_LUNG"	72.2376886188292	-30.6238372974055	-4.54204056364296	4.43663370138064	5.53971801122745
"RERFLCMS_LUNG"	32.0688908545703	-41.6259262052952	-9.49777693543063	-2.27192786155262	0.596549687274226
"SKLU1_LUNG"	11.2210312008077	-46.5332643175677	-7.42345000307759	0.0189147578544082	0.00271773007487861
"A549_LUNG"	38.1071365801848	-41.5868722022983	-13.5019375387751	-3.4181434632725	1.51159219697142
"NCIH1437_LUNG"	36.3990419694147	-38.21282580095	-9.18610772452744	-2.11366455685521	1.12833925379882
"A549_avg"	-20.1993547029863	34.2403260897151	-16.7458000399273	1.04023033974268	1.37316768284787
"H1437_avg"	-24.3015862992604	10.2577432386932	34.9979989689414	-2.6130870909532	-1.02562116274494
